0.204
0.146
0.146
0.147
0.149
0.154
0.160
0.145
0.149
0.146
0.150
0.143
0.147
0.146
0.151
0.147
0.149
0.145
0.150
0.144
0.146
0.147
0.145
0.146
0.147
0.147
0.144
0.145
0.146
0.147
0.147
0.145
0.147
0.147
0.147
0.147
0.149
0.149
0.146
0.145
0.145
0.147
0.151
0.144
0.146
0.145
0.147
0.145
0.148
0.145
0.147
0.147
0.146
0.143
0.148
0.147
0.145
0.144
0.147
0.147
0.146
0.153
0.153
0.147
0.146
0.144
0.145
0.143
0.147
0.143
0.150
0.148
0.151
0.145
0.146
0.145
0.148
0.143
0.144
0.145
0.147
0.144
0.147
0.144
0.145
0.142
0.146
0.144
0.151
0.153
0.146
0.142
0.149
0.149
0.146
0.143
0.151
0.143
0.147
0.146
0.196
0.147
0.146
0.147
0.143
0.152
0.145
0.147
0.146
0.147
0.169
0.150
0.144
0.145
0.154
0.146
0.144
0.147
0.143
0.148
0.141
0.145
0.143
0.145
0.144
0.146
0.143
0.146
0.145
0.145
0.147
0.145
0.143
0.143
0.145
0.146
0.144
0.151
0.144
0.148
0.146
0.147
0.149
0.149
0.146
0.159
0.150
0.146
0.146
0.148
0.143
0.148
0.144
0.147
0.144
0.147
0.145
0.145
0.146
0.148
0.145
0.146
0.169
0.149
0.146
0.145
0.142
0.147
0.145
0.147
0.145
0.149
0.146
0.149
0.142
0.145
0.142
0.149
0.142
0.144
0.145
0.150
0.144
0.147
0.141
0.146
0.147
0.149
0.143
0.146
0.154
0.156
0.142
0.147
0.144
0.149
0.143
0.147
0.144
0.149
