0.181
0.087
0.089
0.090
0.087
0.110
0.117
0.098
0.115
0.093
0.092
0.091
0.088
0.100
0.091
0.087
0.091
0.093
0.089
0.091
0.088
0.088
0.095
0.089
0.092
0.088
0.089
0.089
0.090
0.090
0.089
0.089
0.090
0.087
0.095
0.089
0.092
0.089
0.093
0.087
0.087
0.092
0.087
0.089
0.090
0.088
0.092
0.086
0.092
0.092
0.090
0.089
0.090
0.091
0.088
0.087
0.090
0.088
0.089
0.093
0.090
0.090
0.091
0.087
0.090
0.088
0.092
0.091
0.088
0.090
0.092
0.091
0.089
0.089
0.087
0.090
0.091
0.091
0.094
0.089
0.094
0.086
0.088
0.088
0.091
0.091
0.090
0.090
0.093
0.090
0.092
0.092
0.091
0.088
0.092
0.088
0.105
0.091
0.088
0.093
0.184
0.090
0.091
0.090
0.090
0.091
0.092
0.088
0.088
0.091
0.087
0.087
0.100
0.093
0.100
0.088
0.089
0.089
0.090
0.086
0.088
0.089
0.087
0.087
0.089
0.087
0.090
0.091
0.087
0.086
0.087
0.092
0.086
0.085
0.094
0.087
0.088
0.092
0.091
0.091
0.086
0.086
0.095
0.088
0.096
0.089
0.091
0.088
0.090
0.087
0.090
0.092
0.087
0.093
0.090
0.093
0.128
0.097
0.107
0.098
0.088
0.087
0.091
0.086
0.085
0.087
0.086
0.086
0.091
0.088
0.091
0.086
0.087
0.091
0.086
0.086
0.086
0.092
0.087
0.088
0.096
0.087
0.089
0.086
0.090
0.085
0.088
0.090
0.087
0.088
0.087
0.088
0.086
0.085
0.087
0.087
0.090
0.090
0.094
0.087
0.580
0.434
0.430
0.429
0.444
0.438
0.449
0.439
0.429
0.434
0.432
0.435
0.436
0.435
0.430
0.428
0.445
0.434
0.446
0.436
0.438
0.438
0.467
0.426
0.452
0.429
0.443
0.447
0.433
0.432
0.427
0.442
0.439
0.428
0.431
0.440
0.428
0.433
0.682
0.611
0.507
0.436
0.431
0.436
0.428
0.426
0.506
0.496
0.448
0.466
0.546
0.512
0.454
0.445
0.455
0.762
0.650
0.436
0.445
0.463
0.445
0.426
0.459
0.464
0.454
0.427
0.433
0.430
0.443
0.420
0.432
0.442
0.448
0.447
0.431
0.436
0.435
0.446
0.424
0.440
0.440
0.432
0.431
0.438
0.432
0.438
0.444
0.442
0.488
0.428
0.447
0.428
0.433
0.423
0.438
0.447
0.432
0.439
0.433
0.436
0.830
0.919
1.035
0.496
0.657
0.646
0.737
0.634
0.710
0.789
0.837
0.718
1.004
0.870
0.669
0.537
0.741
0.972
0.701
0.776
0.763
0.957
1.034
0.832
0.715
0.649
0.723
0.606
0.724
0.764
0.676
0.616
1.004
0.628
0.578
0.552
0.431
0.543
0.424
0.558
0.580
0.557
0.677
0.579
0.604
0.631
0.587
0.606
0.624
0.539
0.557
0.532
0.563
0.577
0.587
0.525
0.541
0.571
0.601
0.523
0.577
0.488
0.530
0.553
0.595
0.535
0.546
0.586
0.574
0.506
0.538
0.586
0.639
0.589
0.514
0.694
0.574
0.664
0.618
0.642
0.565
0.555
0.670
0.554
0.486
0.539
0.594
0.475
0.536
0.455
0.491
0.560
0.526
0.568
0.548
0.521
0.654
0.540
0.477
0.516
